0	[0, 0]	2.08	2.40	2.58	1.43	1.44	2.21	2.92	2.80	1.96	2.29	2.40	2.20	
1	[1, 0]	2.45	2.53	2.67	1.97	2.94	2.01 	2.23	2.17	1.84	2.33	2.68	2.45	
2	[2, 0]	1.78	1.58	2.36	1.89	1.80	2.16	2.10	2.77	2.62	2.15	2.16	1.87	
3	[3, 0]	2.07	2.13	2.01	2.39	2.74	2.50	2.68	2.46	1.98	2.32	2.52	2.14	
4	[4, 0]	2.09	2.57	2.61	1.79	1.47	2.43	2.28	2.33	2.59	2.28	2.45	2.17	
5	[5, 0]	1.39	1.62	1.29	1.66	1.75	1.56	1.69	2.27	1.18	0.81	1.48	2.01	
6	[6, 0]	1.45	1.16	1.89	0.27	0.42	0.68	1.81	1.73	1.53	1.19	1.16	1.56	
7	[7, 0]	0.96	0.55	0.48	0.81	0.51	0.25	0.37	0.60	0.38	0.64	0.52	0.44	
8	[8, 0]	0.92	0.50	0.58	0.48	0.24	0.20	0.40	0.25	0.23	0.32	0.57	0.27	
9	[9, 0]	0.25	0.64	0.40	0.24	0.28	0.20	0.18	0.74	0.62	0.84	0.51	0.55	
10	[10, 0]	0.60	0.21	0.28	0.41	0.53	0.66	0.12	0.20	0.32	0.47	0.41	0.51	
11	[11, 0]	0.67	0.83	0.89	0.66	0.64	0.70	0.70	0.45	0.58	0.44	0.76	1.08	
12	[12, 0]	0.95	1.26	1.52	0.51	0.36	0.52	0.83	1.13	0.60	0.82	1.30	1.14	
13	[13, 0]	1.02	0.88	1.27	0.78	1.08	1.27	0.70	0.63	0.84	0.91	0.85	1.42	
14	[14, 0]	1.25	1.16	1.09	1.04	1.52	0.67	1.18	1.05	1.62	1.42	1.18	0.94	
15	[15, 0]	1.06	1.39	1.65	0.88	0.71	0.65	0.78	0.81	1.42	1.26	0.78	1.38	
16	[16, 0]	1.49	1.29	1.13	0.83	1.32	1.16	0.47	0.48	0.99	1.42	1.50	1.51	
17	[17, 0]	0.68	1.26	1.60	1.30	1.25	1.31	1.14	2.00	1.86	1.19	2.35	2.17	
18	[18, 0]	2.37	1.83	1.66	1.87	2.07	1.60	1.54	1.93	1.49	0.97	1.54	1.67	
19	[19, 0]	1.36	1.80	0.99	1.34	1.23	1.83	2.10	2.01	1.15	0.70	1.25	2.08	
20	[20, 0]	1.34	0.98	1.87	1.88	1.47	0.91	1.15	2.05	1.37	1.28	1.50	1.09	
21	[20, 1]	0.48	1.26	0.98	1.55	1.31	0.62	0.53	0.82	0.32	0.50	0.69	0.52	
22	[19, 1]	0.65	0.61	0.57	1.35	0.51	0.51	0.33	0.58	0.93	0.60	0.34	0.31	
23	[18, 1]	0.96	0.34	1.05	1.13	0.66	0.63	0.35	0.58	0.82	1.18	1.29	1.12	
24	[17, 1]	0.61	0.38	0.29	0.38	0.41	0.49	0.23	0.54	0.71	1.23	0.74	0.32	
25	[16, 1]	0.31	0.50	0.52	0.47	0.72	0.78	1.02	1.12	1.74	0.29	0.47	1.24	
26	[15, 1]	0.32	1.05	0.97	1.24	0.93	1.23	1.28	0.63	0.29	0.67	0.49	0.66	
27	[14, 1]	1.12	0.92	0.69	0.44	0.70	0.69	1.44	1.26	0.82	1.16	1.52	0.55	
28	[13, 1]	0.93	0.88	0.65	0.36	0.48	0.39	0.40	0.48	0.58	0.78	0.57	0.76	
29	[12, 1]	1.05	0.50	1.03	0.91	0.80	0.69	1.30	0.53	0.84	1.00	1.08	0.61	
30	[11, 1]	0.61	1.67	1.25	0.61	1.20	0.94	1.00	1.47	1.53	1.19	1.25	0.67	
31	[10, 1]	0.64	0.62	1.19	1.04	0.62	1.06	0.69	0.54	0.31	0.37	0.63	0.50	
32	[9, 1]	0.39	0.29	0.61	0.56	0.85	0.47	0.25	0.20	0.34	0.27	0.22	0.48	
33	[8, 1]	0.31	0.60	0.68	0.52	0.55	0.46	0.43	0.33	0.51	0.57	0.44	0.44	
34	[7, 1]	0.34	0.47	0.64	0.51	0.48	1.02	1.14	0.90	0.45	0.63	0.85	0.64	
35	[6, 1]	0.47	0.57	1.84	1.38	1.06	1.45	1.58	1.49	1.12	0.97	0.76	0.57	
36	[5, 1]	1.96	1.98	1.06	1.53	1.43	1.68	1.75	1.61	2.14	1.80	2.09	2.16	
37	[4, 1]	1.99	2.16	1.93	2.22	2.33	1.94	1.63	1.62	2.38	1.74	2.50	2.47	
38	[3, 1]	1.86	1.30	1.62	1.97	2.38	2.62	2.48	1.75	2.05	2.18	2.39	2.33	
39	[2, 1]	1.94	1.39	1.73	0.95	1.72	1.68	2.04	1.67	1.75	1.66	1.39	1.26	
40	[1, 1]	0.53	0.54	1.20	1.41	1.31	1.04	0.67	1.39	0.85	1.31	1.98	0.99	
41	[0, 1]	0.68	1.46	1.04	1.28	0.66	0.66	0.77	0.76	1.88	1.14	1.43	1.18	
42	[0, 2]	0.25	0.21	0.16	0.29	0.55	0.38	0.32	0.29	0.37	0.34	1.19	0.94	
43	[1, 2]	0.46	1.04	0.76	0.60	0.71	0.65	1.41	0.78	1.12	0.70	0.56	0.66	
44	[2, 2]	1.34	1.33	1.12	0.62	1.23	1.27	1.04	1.21	1.81	1.40	1.38	1.13	
45	[3, 2]	0.93	1.97	1.48	1.25	1.65	2.01	2.01	1.52	1.36	1.34	0.87	1.15	
46	[4, 2]	1.16	1.87	2.12	1.80	1.53	0.71	2.32	2.09	1.69	2.02	2.37	2.47	
47	[5, 2]	1.73	0.76	1.13	1.85	1.92	1.83	1.96	1.48	0.97	1.32	1.80	1.99	
48	[6, 2]	1.09	0.30	1.50	1.21	1.20	2.04	1.28	0.57	0.83	1.82	2.00	1.53	
49	[7, 2]	0.54	0.41	0.60	0.62	0.49	1.21	1.22	0.54	0.22	0.76	1.14	0.80	
50	[8, 2]	0.29	0.32	0.60	0.50	0.41	0.31	0.29	0.25	0.32	0.46	0.97	0.67	
51	[9, 2]	0.80	0.62	0.68	0.49	0.58	0.68	0.47	0.48	0.56	1.19	0.66	0.87	
52	[10, 2]	0.60	1.06	0.60	0.69	0.36	0.57	0.38	0.86	0.85	0.61	0.53	1.04	
53	[11, 2]	0.50	0.88	0.90	0.56	0.93	0.90	0.98	1.33	0.57	0.78	1.26	1.20	
54	[12, 2]	1.14	0.93	1.51	0.45	0.47	1.17	0.91	1.54	0.81	1.14	1.29	1.51	
55	[13, 2]	0.42	0.45	1.41	1.42	0.51	0.82	0.80	1.24	0.55	0.42	0.58	0.62	
56	[14, 2]	0.59	0.67	0.54	0.25	0.53	0.56	0.42	0.36	0.37	0.26	0.24	0.46	
57	[15, 2]	0.47	1.14	0.26	0.50	0.67	0.49	0.76	0.40	0.20	0.52	0.26	0.32	
58	[16, 2]	0.19	0.29	0.39	0.55	0.45	0.25	0.32	0.21	0.18	0.37	0.54	0.42	
59	[17, 2]	0.21	0.36	0.51	0.23	0.21	0.16	0.21	0.23	0.26	0.26	0.20	0.52	
60	[18, 2]	0.29	0.26	0.20	0.20	0.33	0.27	0.34	0.29	0.30	0.31	0.21	0.18	
61	[19, 2]	0.28	0.29	0.24	0.22	0.32	0.29	0.27	0.22	0.25	0.30	0.27	0.20	
62	[20, 2]	0.20	0.24	0.29	0.16	0.13	0.37	0.13	0.28	0.22	0.12	0.26	0.23	
63	[20, 3]	0.20	0.30	0.34	0.33	0.14	0.18	0.19	0.26	0.24	0.21	0.14	0.15	
64	[19, 3]	0.18	0.22	0.29	0.21	0.24	0.15	0.16	0.20	0.21	0.23	0.19	0.12	
65	[18, 3]	0.15	0.21	0.23	0.22	0.26	0.41	0.24	0.20	0.26	0.24	0.22	0.20	
66	[17, 3]	0.13	0.19	0.14	0.14	0.16	0.19	0.23	0.15	0.24	0.22	0.22	0.24	
67	[16, 3]	0.35	0.36	0.23	0.24	0.12	0.19	0.20	0.36	0.28	0.15	0.20	0.24	
68	[15, 3]	0.46	0.61	0.27	0.32	0.33	0.28	0.73	0.19	0.28	0.63	0.26	0.20	
69	[14, 3]	0.35	1.04	0.86	0.69	0.96	0.54	0.23	0.43	0.69	0.42	1.08	0.29	
70	[13, 3]	1.16	0.81	0.80	0.52	1.13	1.16	1.05	1.01	1.38	0.68	0.63	0.61	
71	[12, 3]	1.63	1.24	0.90	0.75	1.12	0.53	0.35	0.80	0.76	1.20	1.88	1.14	
72	[11, 3]	0.64	0.55	0.50	0.53	0.56	0.95	1.86	1.03	1.24	1.44	1.51	1.47	
73	[10, 3]	0.92	1.49	1.39	0.66	0.62	0.67	1.05	0.38	0.47	0.94	0.47	0.58	
74	[9, 3]	1.55	0.96	0.99	1.02	0.72	0.49	0.65	0.85	1.39	0.75	0.65	1.29	
75	[8, 3]	0.52	1.14	1.94	1.51	1.14	0.50	0.66	0.86	1.12	0.94	0.93	1.94	
76	[7, 3]	0.74	1.00	1.30	1.19	1.34	0.60	0.47	0.88	0.87	0.59	0.52	1.34	
77	[6, 3]	0.99	1.04	1.38	0.58	1.15	0.91	1.06	0.83	1.60	1.43	2.47	2.40	
78	[5, 3]	1.60	1.74	2.16	2.16	1.87	1.84	1.35	1.78	1.25	2.09	2.40	1.35	
79	[4, 3]	2.37	1.83	1.06	0.90	2.15	1.92	1.43	1.44	2.01	1.85	1.78	2.40	
80	[3, 3]	2.23	1.84	1.26	1.26	1.48	1.67	1.22	1.55	1.32	1.39	1.73	1.96	
81	[2, 3]	0.62	0.91	0.92	0.89	0.78	1.56	1.24	0.57	0.47	1.20	0.85	1.09	
82	[1, 3]	0.21	0.21	0.21	0.25	0.30	0.57	0.46	0.31	0.32	0.31	0.92	0.59	
83	[0, 3]	0.59	0.28	0.23	0.41	0.43	0.49	0.32	0.25	0.40	0.44	0.25	0.21	
84	[0, 4]	0.23	0.20	0.22	0.24	0.21	0.15	0.17	0.18	0.19	0.28	0.31	0.28	
85	[1, 4]	0.54	0.61	0.57	0.48	1.12	0.63	0.25	0.31	0.53	0.38	0.46	0.35	
86	[2, 4]	0.49	0.35	0.34	1.25	1.19	1.57	0.67	0.51	0.42	1.62	0.61	0.99	
87	[3, 4]	2.10	0.85	1.14	1.78	1.38	1.63	0.99	1.15	1.44	1.57	0.89	0.97	
88	[4, 4]	1.60	1.63	1.24	2.45	2.19	1.54	2.43	1.61	0.85	1.61	1.97	1.65	
89	[5, 4]	1.55	2.12	2.28	1.72	1.94	0.94	2.11	0.97	2.11	3.15	2.85	1.66	
90	[6, 4]	2.17	1.42	2.10	1.81	2.01	1.57	1.55	1.43	1.53	1.22	0.97	1.76	
91	[7, 4]	1.61	0.85	1.35	0.98	2.39	1.84	1.38	1.90	1.87	1.16	0.99	0.91	
92	[8, 4]	0.69	0.70	0.67	1.06	1.03	1.22	0.76	1.33	2.07	2.12	1.92	1.67	
93	[9, 4]	1.95	1.61	1.53	1.42	1.52	1.81	2.75	0.49	0.68	1.25	1.25	1.69	
94	[10, 4]	1.09	0.47	1.38	1.21	1.94	2.18	2.37	1.37	2.30	2.41	1.85	1.14	
95	[11, 4]	1.27	0.97	1.32	1.81	0.61	0.26	1.62	1.49	1.42	1.03	1.52	0.58	
96	[12, 4]	1.28	0.91	1.24	1.57	0.85	0.91	2.17	1.64	1.36	0.91	1.27	1.28	
97	[13, 4]	0.40	1.47	0.48	0.41	0.87	0.25	0.54	1.42	0.91	0.60	0.83	0.59	
98	[14, 4]	0.43	0.41	0.40	0.72	0.89	1.05	0.53	0.18	0.33	0.47	0.22	0.25	
99	[15, 4]	0.20	0.24	0.37	0.29	0.24	0.19	0.25	0.43	0.31	0.16	0.26	0.38	
100	[16, 4]	0.22	0.13	0.16	0.20	0.30	0.19	0.24	0.29	0.30	0.19	0.14	0.21	
101	[17, 4]	0.19	0.19	0.23	0.25	0.14	0.13	0.12	0.21	0.18	0.26	0.15	0.24	
102	[18, 4]	0.20	0.16	0.09	0.23	0.20	0.16	0.31	0.23	0.13	0.22	0.19	0.15	
103	[19, 4]	0.09	0.15	0.18	0.12	0.15	0.19	0.15	0.12	0.19	0.28	0.20	0.13	
104	[20, 4]	0.23	0.22	0.16	0.13	0.25	0.16	0.13	0.13	0.12	0.19	0.20	0.20	
105	[20, 5]	0.22	0.19	0.13	0.06	0.13	0.19	0.30	0.18	0.17	0.24	0.13	0.11	
106	[19, 5]	0.14	0.09	0.13	0.14	0.16	0.18	0.24	0.13	0.19	0.29	0.28	0.19	
107	[18, 5]	0.23	0.19	0.18	0.18	0.18	0.16	0.15	0.12	0.20	0.23	0.24	0.14	
108	[17, 5]	0.15	0.27	0.30	0.20	0.21	0.19	0.20	0.19	0.15	0.21	0.23	0.17	
109	[16, 5]	0.19	0.16	0.16	0.21	0.15	0.35	0.27	0.19	0.12	0.13	0.16	0.18	
110	[15, 5]	0.54	0.51	0.23	0.39	0.29	0.31	0.22	0.25	0.28	0.64	0.39	0.51	
111	[14, 5]	0.42	0.52	0.76	0.83	0.74	0.94	0.75	0.85	0.32	0.41	0.50	0.65	
112	[13, 5]	0.59	0.60	0.37	0.99	0.92	0.92	1.55	1.69	1.54	1.79	1.08	0.57	
113	[12, 5]	1.53	1.19	1.29	0.82	0.85	2.11	1.66	1.32	1.49	0.78	0.91	0.78	
114	[11, 5]	1.02	2.12	2.01	1.54	2.14	1.38	1.43	2.43	0.80	0.96	0.66	1.92	
115	[10, 5]	1.66	2.10	2.09	1.68	2.11	1.44	1.47	1.88	2.47	2.21	1.32	1.03	
116	[9, 5]	2.48	2.21	0.55	2.53	1.94	2.40	0.76	2.21	2.20	1.28	2.32	2.04	
117	[8, 5]	1.52	2.83	2.87	1.96	2.00	1.56	1.43	2.37	3.12	3.08	1.53	2.31	
118	[7, 5]	2.40	1.64	2.10	2.84	2.11	2.09	2.10	2.02	2.02	2.50	2.00	2.37	
119	[6, 5]	2.00	1.90	2.14	2.24	2.18	1.72	2.39	2.07	2.09	1.84	2.16	1.96	
120	[5, 5]	1.98	1.53	1.69	1.66	1.84	1.23	1.59	2.07	2.67	2.83	2.05	1.57	
121	[4, 5]	2.18	1.48	1.79	1.85	1.87	2.47	1.35	1.54	2.05	2.54	1.95	1.62	
122	[3, 5]	1.44	1.30	1.60	1.54	1.05	0.94	0.87	1.41	1.65	1.47	0.65	0.98	
123	[2, 5]	0.41	0.58	0.73	1.40	0.94	0.22	0.38	0.58	0.65	1.19	0.74	0.60	
124	[1, 5]	0.30	0.31	0.29	0.42	0.52	0.72	0.88	0.68	0.80	0.97	0.65	0.45	
125	[0, 5]	0.38	0.32	0.20	0.20	0.30	0.27	0.30	0.25	0.29	0.28	0.30	0.27	
126	[0, 6]	0.23	0.29	0.18	0.33	0.25	0.18	0.12	0.24	0.31	0.20	0.19	0.15	
127	[1, 6]	0.20	0.16	0.29	0.24	0.25	0.13	0.78	0.50	0.24	0.27	0.36	0.36	
128	[2, 6]	0.30	0.48	0.45	0.55	0.69	0.41	0.72	0.44	0.80	0.63	0.61	0.64	
129	[3, 6]	1.05	0.82	0.64	1.22	0.98	0.66	1.06	0.76	0.63	0.95	1.34	1.34	
130	[4, 6]	1.61	1.44	1.28	0.99	1.39	1.92	1.85	1.45	1.92	2.05	1.68	1.51	
131	[5, 6]	1.31	1.45	2.30	2.27	1.96	2.14	2.08	2.15	2.14	2.01	2.37	2.12	
132	[6, 6]	2.19	2.83	3.05	2.68	2.52	2.41	0.92	1.19	2.15	2.96	2.77	2.29	
133	[7, 6]	1.69	2.84	2.94	2.99	2.50	2.45	2.05	1.62	1.63	2.59	3.68	2.63	
134	[8, 6]	2.78	2.80	2.11	1.66	2.45	2.33	3.04	2.57	2.72	3.26	3.11	2.68	
135	[9, 6]	2.86	2.70	3.15	2.73	2.94	2.05	2.35	2.84	2.21	2.05	3.67	2.58	
136	[10, 6]	2.91	2.20	2.48	2.99	2.24	2.53	2.68	1.94	2.40	2.59	2.94	2.63	
137	[11, 6]	1.59	1.53	1.35	1.29	2.15	2.52	1.83	2.44	1.77	1.65	2.25	2.64	
138	[12, 6]	1.53	1.25	1.48	1.05	1.63	1.63	1.20	1.38	1.31	0.87	1.06	1.57	
139	[13, 6]	0.58	0.54	0.33	0.51	0.59	0.81	0.62	1.04	0.47	0.47	0.66	0.78	
140	[14, 6]	0.33	0.16	0.17	0.25	0.49	0.60	0.45	0.51	0.53	0.41	0.29	0.32	
141	[15, 6]	0.20	0.22	0.21	0.18	0.12	0.15	0.19	0.15	0.22	0.45	0.28	0.51	
142	[16, 6]	0.08	0.15	0.14	0.13	0.18	0.19	0.14	0.16	0.15	0.13	0.18	0.16	
143	[17, 6]	0.16	0.18	0.14	0.15	0.20	0.19	0.14	0.12	0.15	0.14	0.19	0.18	
144	[18, 6]	0.15	0.15	0.16	0.14	0.08	0.08	0.14	0.12	0.13	0.12	0.09	0.19	
145	[19, 6]	0.16	0.21	0.10	0.11	0.08	0.05	0.12	0.20	0.19	0.26	0.27	0.11	
146	[20, 6]	0.19	0.11	0.09	0.16	0.15	0.06	0.06	0.09	0.15	0.16	0.17	0.16	
